73 3 3
1 1
4 4
5 6
6 7
8 9
6 5
7 6
8 7
9 8
10 10
3 3
1111 1111
114 114
115 116
116 117
118 119
116 115
117 116
118 117
119 118
1110 1110
3 3
111 111
114 114
115 116
116 117
118 119
116 115
117 116
118 117
119 118
1110 1110
113 113
14 14
15 16
16 17
18 19
16 15
17 16
18 17
19 18
110 110
13 13
204 204
205 206
206 207
208 209
206 205
207 206
208 207
209 208
2010 2010
203 203
20204 20204
20205 20206
20206 20207
20208 20209
20206 20205
20207 20206
20208 20207
20209 20208
202010 202010
20204 20204
20205 20206
20206 20207
20208 20209
20206 20205
20207 20206
20208 20207
20209 20208
202010 202010
3 3
2020204 2020204
2020205 2020206
2020206 2020207
2020208 2020209
2020206 2020205
2020207 2020206
2020208 2020207
2020209 2020208
20202010 20202010
203 20203
30304 30304
30305 30306
30306 30307
30308 30309
30306 30305
30307 30306
30308 30307
30309 30308
303010 303010
70705 70706
70706 70707
70708 70709
70706 70705
70707 70706
70708 70707
70709 70708
707010 707010
80805 80806
80806 80807
80808 80809
80806 80805
80807 80806
80808 80807
80809 80808
808010 808010
